F = [-3 3 6;
    6 -31 9;
   -8 -42 58];
a1 = [1 2 1];
a2 = [16 10 1];
a3 = [4 2 1];
b1 = [1 1 1];
b2 = [3 2 1];
b3 = [3 -2 1];  
% b3*F*a3' = 0
% a3*F*b1' = 0
